10
Aircraft Electrical Systems Technician, KC-130
Aircraft Structures Mechanic F/A-18
Nuclear Biological and Chemical Defense Specialist
Air Support Control Officer
Special Technical Operations
Radio Chief
Microwave Equipment Technician
Small Missile System Technician
Basic Motor Transport Marine
Aircraft Communications/Navigation/Electrical/Weapon/DECM Systems Technician A-4/TA-4/OA-4
100
Tee 28 75 18 85 60 66 37 14 35 58
Uzma 100 54 4 77 87 40 87 77 14 44
Jedd 35 42 72 49 13 30 57 47 64 57
Islam 25 71 39 30 11 64 32 37 98 38
Apryl 53 23 83 75 96 60 94 29 49 8
Jervon 80 46 3 5 53 81 82 90 81 12
Brittni 63 32 98 31 73 55 75 62 24 15
Zayra 91 37 45 41 9 5 99 73 50 89
Hoda 82 96 36 65 77 62 67 44 28 6
Andrew 37 90 27 39 28 26 74 92 59 35
Nykia 74 48 32 69 44 88 2 35 57 56
Sea 48 24 56 22 97 23 8 56 2 27
Kaci 83 8 5 61 15 48 91 42 38 18
Tyasia 42 4 46 18 50 25 59 7 10 82
Maja 75 13 84 42 23 63 36 91 27 76
Sherri 51 10 24 3 89 36 70 33 25 34
Timotheus 92 30 77 17 88 16 90 41 15 25
Cornelio 67 86 14 56 49 46 76 11 76 24
Shamanda 7 78 25 8 98 42 29 10 100 73
Zalika 9 94 82 96 80 2 6 48 23 64
Sahil 44 99 16 98 43 38 51 50 37 5
Astra 17 43 100 95 76 18 23 60 42 99
Saroeun 10 57 13 33 21 99 43 51 63 20
Tiasha 52 80 10 51 18 15 25 9 30 42
Becca 81 61 94 99 62 12 48 84 55 67
Aleah 50 92 15 52 20 86 49 97 84 50
Cybil 58 65 63 92 59 98 45 26 67 51
Saquan 79 70 90 54 1 19 84 74 45 33
Jolanta 96 20 43 73 3 37 69 67 9 97
Jaxon 32 97 41 29 22 44 44 43 34 48
Tarnisha 66 25 37 55 75 35 64 55 77 45
Johanna 55 93 71 48 17 83 61 27 66 87
Garon 59 21 11 26 70 14 41 12 99 86
Lachanda 16 40 93 36 79 11 92 40 54 10
Grayce 24 39 91 100 58 4 55 13 71 77
Sharica 33 73 74 21 4 91 38 22 40 59
Deserea 20 3 12 38 45 100 11 31 20 70
Shayvonne 1 76 87 82 65 51 3 80 92 40
Lessa 69 69 70 1 51 94 65 88 26 7
Camryn 18 91 6 76 56 34 54 49 90 84
Nefertiti 31 41 92 2 41 32 58 15 18 1
Lesleigh 62 12 81 66 83 87 34 34 11 37
Joelouis 29 28 38 78 93 17 4 64 69 71
Kailen 98 36 75 64 67 75 98 75 12 36
Letitia 88 9 19 57 33 78 66 2 32 32
Ia 3 19 54 60 10 47 1 30 21 63
Adolpho 21 38 31 50 68 33 19 21 58 95
Shekela 30 64 55 63 42 92 78 95 52 96
Patrece 70 18 62 7 69 54 10 36 48 72
Menno 77 44 61 94 84 21 46 61 91 19
Drew 78 31 42 6 12 96 50 5 75 88
Donia 72 79 21 91 27 65 100 39 68 53
Cheree 6 29 28 68 37 77 47 58 73 17
Charlese 99 56 22 25 90 20 15 57 56 66
Francisca 2 1 30 27 64 6 39 46 86 85
Sandeep 57 45 89 13 85 70 83 25 5 55
Vanny 47 68 64 44 34 9 68 1 19 94
Laterria 38 51 51 88 81 84 60 8 82 29
Verenice 8 16 8 4 40 71 30 3 74 78
Jontue 49 5 66 12 47 24 5 24 87 68
Myia 64 14 40 16 24 59 28 69 46 90
Jaquanna 85 62 49 32 61 1 63 17 51 54
Walton 90 83 2 14 31 67 96 18 6 60
Langdon 73 15 99 24 36 72 95 71 80 2
Shanette 46 74 60 59 54 8 33 32 65 69
Cristoval 43 82 97 10 46 73 21 98 83 98
Jacklynn 22 34 26 58 6 52 97 4 62 21
Kayse 65 67 9 53 32 90 18 63 31 100
Theran 86 63 96 35 30 85 62 72 95 9
Jannice 95 58 69 23 72 79 93 20 60 3
Ronny 27 35 59 97 57 95 52 53 22 43
Tresha 39 100 57 74 71 49 40 76 33 62
Coral 45 7 95 81 19 68 53 68 13 83
Quenna 12 87 58 84 100 97 16 23 93 81
Dianna 26 2 85 67 25 27 35 65 78 14
Carime 61 17 52 37 48 13 89 66 88 75
Philipe 54 95 65 71 94 74 13 16 44 16
Derik 84 85 50 62 63 10 7 87 29 31
Kashena 34 26 29 89 82 58 27 83 7 41
Elisabel 23 60 80 79 29 82 9 78 8 80
Dawnyel 36 49 33 46 2 76 42 59 79 49
Janecia 14 81 68 20 39 61 79 99 53 93
Omero 19 11 86 11 7 53 20 19 41 79
Jovana 4 98 76 86 66 56 14 45 72 4
Klaudia 71 47 67 43 99 57 85 70 39 65
Derrica 13 77 17 93 78 80 80 89 70 13
Marquita 11 59 78 15 95 89 86 79 89 28
Aviv 5 52 88 90 38 41 81 86 4 22
Nefi 76 22 73 28 26 39 26 100 97 39
Semone 15 66 44 47 86 28 17 82 17 61
Amon 93 55 1 70 52 45 71 96 94 26
Tyerra 60 27 79 72 16 43 31 6 16 52
Ander 89 84 53 45 91 22 56 38 96 23
Raychelle 41 33 20 40 5 7 77 81 36 91
Tyanne 94 6 7 34 35 31 73 93 43 92
Palmer 68 89 47 19 92 50 88 54 47 46
Shonda 40 88 35 80 14 29 22 85 3 30
Avery 87 50 34 9 8 69 24 52 61 74
Charles 97 53 23 83 55 3 12 94 85 11
Milagros 56 72 48 87 74 93 72 28 1 47
