15
Aircraft Structures Mechanic-Trainee
Aircraft Electrical Systems Technician
Helicopter Structures Mechanic MV-22
Counterintelligence Chief
Pilot VMCJ RF-8A
Pilot VMFA F/A-18 Qualified
Amphibious Cargo Carrier Operator
Calibration Officer
Pilot VMO OV-10
Helicopter Maintenance Chief
Flight Equipment Officer
Foreign Area Officer, Sub-Saharan Africa
Electronic/Warfare/Airborne Reconnaissance Officer
Ground Nuclear Ordnance Technician
Explosive Ordnance Disposal Officer
500
Marycatherine 11 225 323 353 351 107 435 483 113 370 119 332 58 32 181
Diseree 84 72 73 450 68 267 474 103 38 319 450 368 254 432 210
Kashina 406 489 283 422 13 193 161 149 150 399 61 259 72 50 251
Joey 274 266 138 452 86 337 98 430 395 152 230 471 274 51 126
Danisha 383 109 481 349 304 409 405 251 121 373 118 435 195 415 110
Natalee 269 284 496 194 29 48 390 292 208 75 418 206 117 487 257
Trenise 9 350 262 347 41 295 477 347 380 69 445 9 3 435 421
Niquita 177 159 75 398 196 354 27 199 55 127 10 250 436 154 11
Britne 416 334 93 142 229 55 404 211 41 338 120 470 346 262 112
Annalee 232 480 226 138 18 213 293 400 89 437 341 236 388 433 428
Marshelle 248 296 299 330 71 362 95 7 366 386 121 414 38 303 128
Genice 38 236 103 445 82 457 385 39 11 425 160 345 23 328 273
Parish 83 321 358 323 311 129 147 279 129 404 222 248 135 403 274
Tammara 288 353 189 11 221 7 205 262 497 213 380 491 492 100 154
Maura 195 178 45 47 463 334 437 48 114 6 18 190 207 213 141
Zia 375 31 85 183 250 77 274 90 471 145 188 129 182 13 434
Ziomara 199 498 31 308 45 174 74 219 143 128 27 413 112 483 58
Orville 271 437 2 195 132 42 466 187 272 295 132 143 309 192 316
Cipriano 424 287 243 341 481 435 346 327 330 426 316 335 357 143 466
Jamaris 378 203 142 88 88 93 363 77 361 453 489 337 106 136 497
Jenice 267 497 171 272 139 18 132 174 291 237 425 343 392 389 129
Garrick 123 268 365 358 49 89 380 386 487 381 277 484 185 273 35
Jarred 20 87 300 32 291 98 417 226 206 221 38 182 409 456 17
Saint 359 493 416 464 400 426 445 223 439 387 159 492 413 307 180
Rolonda 183 407 344 240 353 416 164 38 10 74 236 117 77 311 310
Richel 490 41 34 407 312 370 386 94 374 132 398 101 296 314 118
Lori 388 142 293 344 177 439 9 83 409 407 347 260 348 444 85
Levon 277 324 166 264 498 415 170 488 477 303 432 50 16 218 83
Indra 294 388 440 167 362 172 81 31 53 57 165 84 500 316 120
Galina 186 355 124 34 272 119 411 284 353 259 447 183 291 374 414
Delontae 161 81 94 476 393 148 92 143 476 4 428 144 487 209 388
Averill 303 94 433 262 426 141 63 188 301 365 495 315 227 225 353
Courtnei 289 319 250 378 417 82 416 130 66 424 416 277 470 24 14
Hansen 75 215 206 208 183 414 265 110 276 271 50 321 493 117 258
Aranda 48 423 130 332 488 448 159 88 448 208 346 41 62 490 171
Kerrigan 121 127 313 376 94 204 221 286 483 476 461 209 485 351 298
Diana 456 17 241 10 39 274 490 439 285 290 382 12 433 158 24
Marlicia 182 272 235 53 479 275 6 412 139 72 187 57 18 110 142
Delinda 94 237 144 207 55 281 343 86 446 270 336 1 424 166 282
Rea 133 311 364 267 209 405 23 145 207 260 472 93 139 4 240
Mackenzi 433 244 162 112 469 74 452 221 473 281 279 75 152 439 478
Yun 360 387 200 242 172 49 11 447 24 484 92 202 249 167 15
Tonisha 68 471 230 475 274 498 323 15 377 170 350 94 260 233 64
Shikira 457 491 68 258 432 381 90 29 126 391 9 28 285 369 125
Nelle 322 309 424 424 334 407 261 418 370 63 241 67 356 134 355
Sharanda 157 171 394 419 150 17 488 104 251 289 6 301 295 394 239
Eiman 52 206 256 466 239 26 2 27 158 331 407 369 480 35 345
Ramel 109 44 428 426 445 278 82 136 133 19 16 235 281 404 134
Vander 296 395 54 54 216 417 248 181 492 467 151 92 484 279 473
Ruthy 242 151 464 147 64 206 199 111 414 300 270 95 384 140 174
Minnie 436 120 97 80 117 156 273 427 322 16 321 27 122 270 225
Lia 301 317 29 149 391 96 479 151 124 8 462 319 335 16 249
Quana 65 259 65 425 460 24 158 105 80 415 11 312 79 385 417
Katieann 429 325 329 260 58 451 1 449 297 248 197 445 189 396 423
Jilliam 24 162 92 278 308 345 304 300 406 223 309 98 69 447 443
Kristyne 193 343 318 166 143 37 181 182 67 3 32 432 355 277 332
Viliami 60 499 269 443 28 308 367 3 193 136 446 19 180 372 88
Elle 335 61 280 392 127 233 299 421 400 311 237 205 275 371 152
Jacolby 63 172 471 381 70 369 284 416 485 465 5 17 169 126 167
Sandra 6 210 222 215 219 292 396 260 493 147 211 195 312 21 322
Adryan 146 419 98 193 131 157 447 248 352 11 362 490 444 207 45
Marsela 484 290 420 318 370 441 51 373 245 377 327 440 293 418 202
Sheren 475 179 14 218 330 474 142 343 455 143 319 142 220 359 79
Rosa 235 75 100 153 4 442 280 481 449 354 286 385 266 299 463
Ranaldo 90 194 287 203 197 171 341 337 426 245 133 245 403 181 176
Kara 78 124 147 178 137 282 134 207 261 435 194 430 306 250 375
Asaf 343 288 225 281 338 40 406 486 425 488 254 221 286 31 269
Jawanna 489 189 51 412 423 12 59 79 71 184 40 136 496 334 108
Curtiss 53 433 18 62 36 377 30 389 243 397 353 452 449 381 475
Trinton 115 64 198 38 468 76 298 360 411 162 103 30 408 168 213
Lesleyanne 36 483 150 21 433 406 19 238 311 22 457 474 257 322 157
Kizzy 228 47 404 136 81 443 377 40 190 142 374 194 332 107 279
Maris 314 83 99 164 490 393 345 236 15 185 440 34 34 229 366
Jafar 499 147 101 182 320 326 425 178 68 166 433 416 114 410 399
Wendy 318 487 500 269 133 219 272 271 255 98 37 71 165 241 293
Sateria 116 415 199 487 27 299 219 287 65 410 332 52 250 98 394
Reyes 93 160 28 144 192 355 276 237 169 188 124 475 360 260 163
Leighann 266 495 197 402 382 338 250 9 23 113 161 204 482 247 384
Mia 152 386 478 459 185 159 238 494 305 86 189 408 30 251 464
Laneisha 403 195 61 303 431 305 126 239 270 302 109 105 287 453 138
Alainna 428 336 216 113 396 53 69 197 69 100 111 417 71 283 328
Howie 67 358 120 355 31 268 454 381 63 249 361 230 380 236 403
Aaliyah 319 455 402 236 187 359 144 306 228 59 209 280 148 266 259
Najah 49 385 88 346 98 263 102 95 277 241 117 346 89 122 117
Daris 95 331 462 13 418 66 153 497 419 89 223 271 237 356 456
Christiann 486 351 369 148 499 382 35 97 161 287 487 97 96 243 455
Rodell 98 427 340 246 267 70 294 117 432 490 363 78 494 473 361
Lebaron 458 400 413 386 452 229 62 43 58 388 265 479 391 458 47
Antonia 158 270 417 219 123 145 155 413 289 1 115 481 489 302 103
Wendel 445 445 140 460 427 85 259 457 290 134 217 133 315 450 416
Velencia 59 357 407 480 402 131 242 369 181 5 146 201 7 72 55
Avinash 431 89 27 414 80 399 209 401 110 341 289 3 430 234 133
Leshawn 8 53 328 273 199 208 133 21 360 378 110 425 84 212 391
Bryan 82 11 465 36 457 110 485 272 417 238 41 219 450 329 299
Virgie 118 139 418 1 397 36 224 445 396 10 88 322 372 422 405
Chistian 113 452 309 294 62 19 451 22 490 352 154 273 86 395 347
Shalandria 249 149 116 179 470 13 37 312 104 116 290 147 367 271 398
Brendan 494 92 210 223 378 425 190 417 307 431 435 318 486 89 300
Elimelech 369 258 368 275 243 150 392 304 310 406 250 111 172 333 438
Doanld 3 301 271 298 448 400 469 234 42 452 180 399 411 43 37
Shadi 398 248 169 180 392 235 207 293 428 315 323 159 338 420 419
Jhon 142 347 291 451 204 130 283 11 108 389 485 79 145 81 104
Asia 397 190 281 184 7 446 308 213 91 66 271 123 191 178 22
Keyauna 325 48 265 202 459 215 42 189 29 182 349 125 144 338 151
Casandra 104 170 78 9 69 294 448 116 188 250 261 342 70 61 280
Shawnie 209 291 297 45 84 469 249 36 205 457 53 121 110 73 408
Evonne 443 251 257 235 361 221 449 435 163 141 227 387 97 477 62
Imad 329 339 192 57 149 167 286 190 499 357 72 272 452 486 306
Isai 69 279 427 387 111 470 370 346 17 418 303 208 462 312 454
Armida 312 250 391 255 476 319 223 276 427 379 21 108 162 479 192
Tyshawn 26 106 273 229 368 44 491 259 189 210 167 269 376 190 61
Eugenia 463 442 335 192 316 181 201 198 227 264 90 357 100 488 364
Falon 122 430 289 124 138 67 457 66 470 489 175 327 324 28 314
Toren 136 200 119 46 269 445 99 489 30 164 274 495 203 147 73
Jung 120 100 399 78 73 260 202 422 186 108 437 286 468 133 140
Shalisha 220 231 489 444 51 45 125 498 168 160 390 365 402 325 437
Shantana 409 9 79 251 414 285 357 469 383 265 436 442 267 125 356
Samanthajo 259 8 180 249 455 380 96 367 127 24 268 99 393 390 3
Chrissie 348 420 442 300 182 436 478 170 299 459 57 303 36 206 219
Nayra 304 449 52 351 16 452 120 256 160 54 162 135 146 58 309
Jolynn 1 285 71 117 135 116 455 364 317 205 163 258 8 289 498
Tresa 62 169 414 18 386 112 232 209 319 247 420 253 353 304 53
Donae 43 183 352 75 317 347 260 453 335 91 252 422 265 430 308
Nirali 370 242 263 90 170 350 465 350 197 115 168 270 377 18 232
Annalicia 156 51 149 370 100 117 54 144 31 450 278 396 303 469 265
Krystyn 316 245 30 211 288 236 354 89 460 469 365 498 9 127 38
Phil 257 481 55 172 171 202 246 109 95 64 93 275 350 170 193
Nelda 204 305 156 434 359 349 256 245 398 139 285 88 1 362 165
Hasaan 337 492 145 213 53 212 282 357 346 23 253 372 279 155 363
Elouise 280 418 339 214 401 232 16 335 183 487 150 316 289 102 312
Kostas 299 102 474 470 328 88 230 305 132 305 479 266 111 278 76
Hudson 89 280 16 350 461 303 482 152 232 330 273 389 428 336 256
Kristene 276 379 487 441 224 146 371 431 334 70 176 145 337 498 52
Jamespaul 414 163 444 196 337 331 410 243 90 52 322 80 179 172 196
Montavius 361 390 264 360 155 360 489 216 389 38 153 76 323 245 105
Cheila 309 132 434 155 95 424 366 135 445 104 311 109 74 342 435
Chaya 139 3 260 399 407 166 322 26 12 409 116 305 342 78 40
Rosamond 426 451 176 189 152 412 14 214 478 231 142 439 269 373 446
Francoise 496 476 21 50 406 104 418 80 78 449 342 302 412 101 237
Katianne 467 408 298 231 268 401 24 295 5 53 171 340 194 141 484
Mateo 87 15 393 198 238 2 368 142 182 288 205 139 28 244 57
Crystalann 70 193 380 188 439 33 160 45 336 356 86 380 150 485 297
Zeinab 77 131 411 313 246 176 337 473 229 474 439 32 11 175 350
Ammon 471 213 372 372 285 342 137 155 81 283 326 403 216 296 379
Prentis 382 361 202 305 6 411 365 411 303 46 137 171 113 103 161
Chevis 478 184 86 471 298 467 362 129 313 80 368 306 32 138 329
Gideon 196 373 370 361 33 127 39 167 34 203 305 23 197 151 241
Denetra 103 326 47 170 211 264 446 247 437 498 304 431 479 198 267
Nikeisha 349 70 242 103 119 84 41 452 155 495 216 157 327 219 481
Ladell 173 462 276 95 228 73 281 60 116 455 468 234 477 183 295
Herold 12 274 466 328 309 312 196 258 134 45 494 297 326 14 465
Javian 251 440 295 19 264 390 373 395 88 186 212 466 268 346 89
Tuongvi 385 426 258 436 160 453 339 322 84 275 288 354 35 97 21
Lise 61 241 439 404 446 348 295 396 70 154 408 242 129 203 158
Yon 451 177 459 289 360 190 235 487 199 158 34 16 394 188 381
Sherrod 206 161 126 391 5 270 71 138 79 478 328 33 419 79 246
Marice 218 205 191 111 302 259 7 59 258 255 386 469 248 480 271
Aydee 313 299 261 291 147 254 44 242 75 316 424 472 330 383 268
Camden 261 362 377 279 178 391 340 383 244 312 54 191 288 153 340
Seville 404 394 353 212 60 69 257 299 495 149 392 233 109 93 207
Lasasha 88 371 480 429 451 462 152 177 233 151 488 325 304 46 182
Celisa 376 212 315 408 495 91 8 333 238 240 417 310 143 416 254
Noelia 19 186 111 442 110 378 353 67 198 187 263 224 405 324 197
Devorah 138 104 395 309 114 35 222 315 392 296 12 68 170 414 16
Toussaint 371 364 421 461 44 298 118 91 13 466 385 393 478 68 238
Armin 37 461 234 334 278 218 83 249 239 468 204 163 104 310 291
Junita 81 114 67 86 25 105 288 384 405 99 370 307 262 109 425
Kandice 367 79 419 302 1 330 420 121 254 200 219 447 217 379 13
Caterina 311 143 255 49 466 123 149 141 457 313 75 53 136 343 451
Aarika 187 115 11 157 56 297 268 123 142 244 203 214 231 492 216
Aquino 265 409 190 3 327 344 72 52 170 408 190 423 472 48 199
Kalle 140 398 322 405 47 50 58 485 152 102 469 35 50 291 333
Merline 15 223 494 493 125 83 407 23 480 347 345 103 121 90 200
Suraj 32 406 132 250 230 480 391 348 295 447 3 351 65 161 404
Jaimie 399 246 275 456 282 182 75 429 213 420 452 128 25 44 492
Bert 417 68 498 486 115 137 379 472 226 78 181 464 68 363 124
Alicia 306 46 346 97 2 433 234 185 279 67 379 360 499 276 400
Emmitt 166 485 317 25 340 329 480 173 93 430 138 282 55 177 339
Kayne 211 320 308 343 233 238 53 394 195 202 107 298 178 240 420
Robbi 17 435 392 244 447 64 91 458 491 168 131 483 47 297 91
Launa 226 88 44 128 109 75 475 320 381 294 126 4 183 326 449
Dunia 151 267 161 152 19 200 187 298 130 336 257 361 120 36 5
Montell 245 118 131 481 496 99 342 150 230 439 464 134 390 406 412
Jamesedward 117 365 163 284 163 20 218 56 123 26 198 458 174 152 20
Cecilia 333 312 490 448 30 420 244 233 176 68 287 428 222 476 107
Nasser 477 434 70 114 329 483 476 224 196 133 1 437 451 436 67
Lamesha 454 314 292 4 372 325 110 196 16 421 376 281 87 1 285
Laryssa 64 289 167 453 489 58 393 402 433 176 329 255 242 463 469
Marcelina 236 428 165 102 339 38 176 495 14 398 415 124 236 67 236
Emilie 105 322 343 12 205 488 438 407 306 353 106 268 102 305 92
Tameisha 438 412 331 321 467 147 321 82 357 479 206 56 130 408 31
Chrystine 165 275 115 306 65 209 336 202 222 71 59 85 239 49 284
Trammell 99 486 382 497 165 61 374 218 224 246 480 100 206 320 247
Sharolyn 194 436 60 73 11 122 388 269 219 392 396 218 190 438 301
Sok 164 20 325 181 169 353 124 326 217 349 384 420 238 345 365
Tarsha 292 165 450 209 405 52 460 334 262 83 114 344 213 441 28
Tauren 363 45 475 265 162 28 381 330 325 27 393 489 228 80 97
Romana 432 416 436 342 247 428 327 270 378 7 240 120 375 249 372
Robynne 468 257 251 488 276 72 468 482 106 328 76 66 247 20 18
Shanekia 57 363 460 431 35 245 472 106 274 318 43 226 98 82 342
Shawnice 100 76 422 310 52 191 123 229 410 51 225 465 80 354 113
Kraig 229 93 196 472 188 11 89 455 453 396 243 168 316 130 244
Tyleen 16 156 483 23 443 111 278 490 112 163 14 240 400 484 170
Shelaine 47 472 63 489 142 249 50 222 320 494 46 51 437 248 407
Jasmin 91 154 91 108 435 351 240 420 273 325 423 118 442 17 472
Latarsha 128 459 349 6 189 92 389 432 288 414 296 122 223 405 212
Vicken 272 278 378 400 471 320 195 340 343 94 207 323 205 275 483
Hiroko 254 473 482 55 323 135 226 419 468 323 169 455 464 128 357
Jaci 263 410 398 485 365 25 459 443 412 148 145 371 51 22 303
Lazaros 148 484 259 79 24 273 442 230 316 481 334 412 93 411 292
Jema 290 77 406 307 262 32 151 353 442 12 367 451 164 29 272
Robyn 153 308 25 156 395 459 88 172 461 372 55 284 300 287 32
Karlyn 92 271 168 397 217 133 78 344 22 31 276 493 137 327 150
Bliss 366 302 342 479 486 388 348 500 36 253 255 223 186 376 33
Carley 181 422 485 163 121 29 67 255 260 77 2 150 41 290 19
Taheerah 212 158 468 477 493 243 116 404 164 35 394 427 149 116 377
Ivery 264 59 40 483 383 482 38 273 46 215 499 26 176 258 204
Lindsy 394 318 239 72 388 160 325 275 443 33 275 21 128 182 460
Heidy 297 479 296 29 37 422 210 204 204 380 58 160 157 77 482
Timur 18 252 350 285 384 126 334 459 422 382 266 400 302 286 131
Gershon 365 389 13 84 440 134 225 328 215 229 239 166 359 259 69
Wilfredo 411 281 336 2 286 211 94 424 138 314 184 379 210 465 137
Yuriana 131 27 495 133 22 300 48 361 403 301 95 146 379 195 485
Joseangel 217 175 24 296 265 214 197 442 6 28 65 326 118 62 230
Harout 155 500 236 335 179 103 36 44 294 428 293 293 294 331 311
Madiha 373 354 385 403 376 276 45 114 156 297 182 329 134 272 330
Ursula 210 65 188 16 319 321 427 309 350 278 404 241 277 330 458
Zafirah 35 490 136 60 161 288 264 107 247 39 56 22 168 210 205
Hebert 386 383 240 498 412 186 115 35 475 138 147 406 322 23 334
Leonna 323 62 229 104 335 197 271 414 209 97 166 54 282 15 491
Arlen 305 99 194 125 346 170 103 329 61 483 33 355 90 55 382
Gessica 446 282 58 151 201 169 497 464 174 298 377 463 305 340 395
Elonzo 393 12 285 428 437 466 140 426 462 137 19 359 481 25 39
Ilyssa 54 122 170 68 310 340 163 32 167 130 84 311 435 350 406
Leeza 180 368 284 59 292 280 473 108 145 393 13 112 251 185 218
Lavon 111 150 159 137 153 194 351 171 20 268 312 370 284 380 168
Maygen 219 103 104 41 475 365 56 61 434 41 35 246 125 160 26
Chauna 326 227 386 366 398 57 270 316 27 84 306 338 371 112 307
Rebekka 450 221 1 61 354 315 439 477 365 480 372 169 49 5 87
Freya 387 293 457 446 300 306 113 122 19 140 343 433 42 425 264
Robertson 488 482 96 132 343 14 277 290 407 87 99 10 209 3 221
Crispin 28 439 26 457 325 118 441 352 463 177 22 341 2 288 187
Roxie 287 330 195 463 130 373 359 468 358 329 460 314 107 91 93
Rith 279 74 178 365 21 317 100 128 8 58 360 384 407 104 493
Bernardino 275 136 106 216 257 43 496 467 282 106 297 448 163 263 7
Priscilla 460 345 122 433 203 450 415 462 314 169 80 173 347 171 433
Brittanie 222 25 95 44 295 432 317 478 500 473 438 300 126 293 261
Gerilynn 315 2 438 175 151 374 64 118 97 20 351 424 483 76 474
Rafael 419 470 177 221 494 307 20 376 431 37 62 405 85 86 325
Tomy 80 30 268 77 297 184 175 73 166 121 378 81 133 88 427
Amamda 58 292 133 238 194 201 356 99 246 485 292 29 389 239 459
Sakina 351 126 379 438 251 95 464 228 415 343 143 187 155 232 338
Rufino 106 5 174 27 105 310 338 261 298 463 251 149 156 27 436
Rogue 340 261 469 63 227 471 227 253 96 206 383 104 490 108 495
Ludwig 317 38 493 256 348 15 21 153 103 251 477 131 448 417 318
Maude 286 146 272 345 61 491 79 160 131 216 459 43 272 12 253
Alvon 492 34 303 465 485 478 34 175 386 346 411 256 43 149 223
Eliyahu 33 249 32 26 419 86 372 423 421 280 391 381 423 144 494
Leesa 495 333 249 467 9 94 434 324 367 218 324 14 458 339 383
Adonia 124 411 179 423 214 271 443 96 77 55 422 352 378 202 324
Deidre 336 4 446 28 38 302 26 268 331 320 170 222 329 387 135
Ndrew 190 329 354 118 136 430 5 362 373 304 152 176 171 295 426
Karissa 295 63 479 222 345 164 217 323 452 482 320 70 420 365 226
Leeann 472 344 139 311 299 385 315 390 241 155 330 77 105 52 331
Winnie 160 129 17 67 408 265 326 184 3 376 466 395 60 157 160
Mimi 185 116 274 469 333 499 316 250 467 472 280 198 103 471 148
Adonica 51 359 66 227 256 500 229 314 384 81 419 480 159 75 48
Ahuva 281 342 137 339 140 226 262 113 342 403 221 478 52 37 121
Rahiem 400 211 316 304 277 423 180 301 248 390 371 215 308 222 368
Arick 320 323 491 237 369 168 350 28 302 395 283 251 255 446 145
Darean 132 101 430 388 356 217 182 296 391 486 430 436 175 332 320
Stephone 282 112 279 174 210 266 463 448 494 371 281 426 20 344 130
Khaleah 141 123 193 14 315 379 93 434 218 427 208 487 456 83 319
Cindy 372 370 59 190 78 333 104 101 237 475 148 31 397 238 467
Efraim 30 496 228 274 453 455 101 165 486 242 301 87 83 474 162
Kiley 408 297 213 116 108 203 157 70 489 322 39 328 432 256 385
Clarrisa 189 264 217 42 389 189 314 282 231 236 249 59 63 193 290
Brittiney 461 360 141 52 442 314 253 115 401 18 307 486 325 156 222
Dontavius 108 229 127 204 301 47 408 285 236 276 356 296 53 163 36
Alexia 278 67 22 455 113 434 247 336 404 477 130 48 198 364 488
Dalyn 119 69 388 101 34 301 324 310 423 366 352 283 240 226 136
Marianne 162 86 186 290 20 68 215 57 372 44 426 304 81 285 323
Nnenna 498 367 153 317 54 39 12 12 315 367 224 86 141 400 74
Jim 96 458 248 337 497 366 185 475 187 361 233 140 22 426 252
Kamau 231 181 412 417 164 80 130 225 429 92 496 2 29 355 231
Loura 127 209 310 363 63 456 208 54 180 211 314 203 192 169 84
Malvin 283 372 244 220 387 444 296 18 363 178 282 309 401 184 191
Nabor 107 255 74 56 306 256 263 25 82 321 49 151 201 194 389
Blase 465 384 305 15 258 151 43 355 235 342 497 421 313 470 179
Latrista 208 23 53 295 26 396 486 493 387 350 291 174 358 99 155
Cayci 7 263 312 454 3 155 198 465 240 269 20 457 352 96 214
Jerianne 102 140 42 217 83 335 495 51 345 306 400 38 440 367 169
Jaylene 485 182 56 373 411 102 433 461 175 445 123 453 491 66 95
Ambr 374 133 324 191 74 240 169 454 348 171 234 415 298 475 208
Alpha 129 256 321 394 146 287 77 492 172 61 355 199 429 87 224
Basil 163 304 400 410 220 79 112 50 283 333 313 211 184 443 413
Roshelle 412 113 157 338 373 257 444 139 390 337 454 367 339 300 343
Terria 405 138 212 356 99 120 398 147 39 198 201 375 398 255 453
Carra 201 253 238 377 193 185 173 166 40 284 140 46 57 176 147
Melynda 101 456 12 127 491 328 399 338 329 261 186 397 193 106 393
Maila 5 84 220 362 324 389 220 289 456 413 17 441 200 208 29
Trayon 347 180 463 495 213 216 432 266 223 230 64 376 320 113 235
Leandra 27 254 108 89 90 437 55 345 359 493 199 69 73 457 476
Westley 473 441 429 384 232 363 421 366 413 49 387 114 78 428 371
Fasha 448 276 294 447 428 458 290 278 18 88 406 106 365 445 348
Kiala 42 56 435 367 438 346 178 241 408 73 68 18 244 246 445
Aja 178 222 445 35 156 404 57 499 444 292 295 252 280 384 109
Ikeya 39 393 357 439 321 177 61 474 371 348 231 279 399 230 188
Holli 331 73 476 100 472 356 239 72 115 30 8 402 366 115 146
Marika 476 453 332 140 122 402 329 479 120 375 81 60 45 237 201
Ellana 144 315 499 94 287 62 52 47 59 232 214 5 215 224 326
Ha 29 240 376 276 42 162 378 391 340 497 122 7 160 321 263
Lauri 110 340 123 316 107 9 331 169 356 500 272 287 318 392 60
Chelsia 79 396 10 33 198 247 148 375 57 282 220 350 154 366 415
Ansley 442 443 304 93 421 472 330 2 99 309 300 276 202 150 313
Macio 302 303 286 109 284 192 40 112 385 190 298 15 299 120 283
Steffen 310 60 151 197 93 460 305 158 388 355 339 262 261 440 296
Alexi 452 187 246 484 222 410 318 491 141 199 173 434 434 6 1
Sheli 328 348 201 415 379 463 358 71 87 258 248 154 161 468 122
Andreya 352 463 302 185 158 477 168 168 146 402 481 162 188 221 42
Alicyn 423 269 112 154 10 65 494 307 451 456 112 473 101 186 243
Gricel 291 366 155 437 296 227 105 193 25 227 409 178 334 95 360
Kahealani 435 352 143 120 244 241 349 148 263 384 467 216 225 451 452
Yannick 418 414 449 418 294 269 309 470 28 161 177 161 234 482 362
Chealsey 171 494 20 496 50 183 47 125 221 239 164 82 196 448 447
Kristeena 135 7 19 270 92 408 258 231 101 25 337 404 24 419 198
Nandita 255 35 410 301 314 309 254 405 185 93 338 488 383 352 304
Naa 381 424 363 293 48 154 493 162 48 228 238 494 181 261 144
Lyndse 46 429 426 40 76 125 236 194 465 183 79 317 310 57 4
Davin 154 26 205 96 385 449 49 14 119 444 421 73 226 231 287
Brannigan 273 403 366 380 450 222 306 1 149 13 36 74 370 437 262
Keath 192 477 473 352 91 489 300 10 154 358 52 358 221 402 102
Barron 40 380 383 177 332 427 419 302 293 332 127 192 233 274 185
Latrell 188 95 80 160 270 293 360 342 479 209 331 184 417 413 422
Lyndsee 169 234 415 299 415 279 285 403 466 131 267 450 311 315 217
Gaylon 453 176 477 122 430 132 292 146 333 266 136 373 95 313 228
Christine 256 228 330 8 67 484 183 34 296 129 85 155 431 309 30
Farrell 413 369 109 315 8 486 500 288 266 47 113 356 166 424 72
Mallarie 368 201 8 468 263 383 383 399 484 273 431 247 263 375 59
Errika 268 29 128 225 399 51 135 78 464 32 200 110 142 54 305
Loren 298 468 233 76 480 198 174 318 368 235 412 44 258 199 75
Blanca 243 460 77 243 159 81 291 81 202 374 397 40 460 264 496
Distin 395 50 214 230 168 54 143 180 393 101 139 196 91 341 321
Angelito 430 313 401 252 200 140 46 438 50 2 31 364 314 33 397
Missy 441 1 36 43 390 464 122 120 430 310 141 477 474 370 378
Butch 487 467 41 39 261 497 141 100 128 401 299 261 317 495 164
Darwyn 45 230 113 83 218 296 25 55 256 40 74 170 40 111 78
Syed 112 33 50 234 202 114 453 349 271 103 144 446 256 377 351
Malissa 341 137 134 145 422 173 114 93 173 334 247 324 245 361 203
Loreal 56 399 121 82 157 63 76 277 265 193 87 377 147 382 448
Reshunda 354 32 185 421 249 368 303 17 51 434 456 461 422 56 139
Jolena 130 475 492 354 129 324 4 410 117 277 388 476 373 455 186
Kaja 174 28 320 314 449 387 66 374 144 286 29 8 463 478 367
Metta 425 174 347 70 180 142 211 227 211 60 71 331 290 449 80
Ivory 143 397 218 22 252 468 320 119 424 222 294 36 127 201 6
Magnolia 469 111 183 322 413 322 231 265 308 65 149 348 5 64 132
Flavio 223 300 48 143 364 476 31 200 328 123 366 141 56 217 370
Serina 213 307 76 161 500 5 131 58 9 114 178 391 307 348 479
Angelika 459 376 232 37 248 465 483 140 420 285 215 444 427 337 25
Konica 147 375 82 131 350 97 86 206 45 17 135 72 241 467 242
Genee 332 478 288 336 478 262 10 154 269 146 413 383 12 421 234
Marin 401 166 270 379 281 165 355 363 469 195 179 308 387 378 51
Susan 293 40 6 48 15 27 186 263 105 76 449 264 119 45 49
Kyli 224 36 374 257 23 34 412 4 496 429 448 193 88 165 81
Johna 327 164 456 357 465 403 440 62 140 14 317 63 454 8 327
Apryle 353 188 35 259 245 31 252 254 62 167 128 257 232 323 119
Breanna 114 173 452 150 181 364 487 203 286 109 373 228 455 481 143
Mattie 421 488 182 158 96 372 228 195 287 326 101 500 212 139 99
Reannon 493 404 484 69 43 454 119 409 44 496 83 165 461 162 402
Shaleena 233 57 266 401 279 46 387 20 94 274 232 220 123 409 490
Sherrelle 427 119 375 331 234 395 364 406 284 299 389 61 26 269 275
Xuan 342 391 209 329 145 100 233 33 354 351 66 164 495 454 477
Indria 396 448 49 389 259 397 33 444 472 79 381 132 37 65 387
Prescott 377 226 381 271 237 289 310 480 435 419 458 339 259 118 462
Alexie 176 432 105 420 358 21 172 176 234 217 185 462 345 306 149
Clent 239 98 423 478 275 106 73 69 318 308 94 213 132 360 178
Arlinda 214 306 441 324 425 56 267 183 178 263 476 468 61 70 409
Suleiman 207 191 146 119 223 234 156 164 85 224 269 294 333 63 352
Jermone 447 14 408 462 66 237 470 49 122 307 402 411 27 268 96
Kennet 470 417 160 66 126 161 287 192 159 119 491 459 218 317 209
Anjali 85 444 301 319 40 495 492 291 220 125 403 263 253 412 386
Micha 449 421 384 99 473 136 13 311 382 153 70 130 153 292 349
Mekia 390 153 81 87 176 179 97 84 109 448 344 186 92 459 63
Carey 150 16 486 266 106 163 136 358 212 368 63 64 75 462 486
Jarris 240 18 455 98 458 199 266 37 2 112 218 20 264 60 12
Kina 358 327 207 440 342 496 422 463 26 144 471 244 82 493 335
Nathan 338 13 23 383 32 290 117 267 482 339 213 200 13 164 418
Allsion 483 413 187 369 464 438 184 220 375 443 42 467 301 253 229
Andrika 330 85 152 165 326 251 436 274 64 110 443 127 467 500 487
Atheena 13 465 125 327 89 367 413 134 498 48 195 107 131 205 471
Kandee 250 377 5 115 336 398 22 41 304 411 191 137 354 494 183
Levi 497 338 425 105 195 144 275 102 440 422 15 113 425 146 65
Adham 44 128 307 292 12 10 29 476 179 291 23 197 199 34 10
Odessa 350 224 172 233 456 284 458 415 252 359 91 419 414 460 123
Asya 126 55 488 492 184 375 498 186 56 324 490 485 33 434 317
Nicholad 203 341 107 51 186 485 237 87 214 173 318 249 368 121 245
Shie 384 466 3 7 307 253 241 325 344 340 262 267 214 489 401
Anthea 434 105 38 396 420 447 146 191 52 364 67 39 297 71 233
Asheley 321 78 223 500 357 87 376 377 347 257 451 299 276 84 380
Montrice 346 43 432 282 444 149 150 201 364 85 193 429 187 189 442
Demetrice 10 217 405 263 116 418 145 378 194 225 89 185 116 179 440
Kimani 334 125 327 371 404 90 171 46 309 293 125 449 416 145 439
Michael 4 204 397 482 128 261 108 308 249 451 102 460 445 59 70
Mohamed 14 328 314 81 492 78 332 92 98 15 348 180 278 267 444
Vanesha 344 107 451 162 255 311 302 321 184 189 98 410 439 472 50
Taylore 23 220 447 499 104 115 177 436 250 212 108 62 469 41 392
Daryle 179 82 231 171 344 341 255 19 253 405 134 378 19 173 480
Meshia 466 431 87 58 242 339 109 208 118 157 24 349 64 137 277
Guerline 21 374 453 30 352 475 15 179 148 96 364 42 410 19 173
Ashleigh 134 192 361 312 355 419 428 75 165 34 500 362 363 159 220
Wren 244 381 333 92 103 231 431 496 459 29 482 394 362 38 336
Shanay 455 80 43 173 318 336 60 339 337 124 229 225 418 180 34
Arwyn 339 141 46 320 482 59 251 356 339 254 174 227 475 393 461
Dartagnan 125 144 102 186 377 248 204 428 35 214 210 47 39 452 66
Toshiba 137 457 211 20 59 386 333 98 92 442 302 382 336 191 100
Stephaine 216 145 443 364 215 358 481 215 191 400 202 239 369 397 177
Roxsana 462 243 15 413 102 371 297 471 162 43 475 289 177 39 281
Cherrise 407 447 154 65 303 357 129 372 362 120 196 353 443 294 270
Annamary 31 233 89 494 241 23 307 331 369 179 77 172 99 407 432
Donnell 168 49 278 416 347 272 335 393 355 470 357 454 446 335 376
Easter 364 265 461 176 191 180 382 294 312 383 308 366 447 398 41
Shoshana 234 24 334 409 173 376 203 74 76 192 260 13 441 442 114
Patina 482 260 57 106 226 258 462 161 177 491 97 156 465 368 430
Millard 73 167 117 430 462 101 245 159 349 438 483 265 271 200 166
Roxanna 170 298 173 245 167 327 471 281 454 499 157 288 243 391 194
Maxton 253 22 355 283 134 108 193 392 73 9 284 177 415 148 101
Ladana 308 199 356 206 212 158 461 240 200 256 463 336 341 497 68
Ovidio 355 219 208 390 366 1 414 460 125 56 478 231 208 204 184
Phylicia 72 10 4 64 483 473 68 351 137 335 242 496 76 282 195
Valicia 285 197 389 427 436 228 313 484 438 194 492 212 94 220 411
Chassity 205 208 72 458 79 223 213 13 341 243 498 11 44 174 190
Ida 362 337 403 395 87 494 216 137 151 150 442 290 235 42 90
Padraig 345 37 7 348 271 313 32 132 488 471 129 148 4 74 369
Arden 25 294 184 375 403 252 344 380 203 327 410 347 246 215 315
Grete 258 196 390 205 410 30 107 42 43 90 470 115 457 47 106
Denese 200 316 215 449 260 121 401 235 72 220 335 292 343 242 23
Konstantinos 221 295 62 146 175 178 106 354 201 234 4 89 453 228 390
Rosalynn 50 273 83 210 266 187 166 85 275 226 246 237 46 10 127
Marquel 225 335 114 288 144 487 194 379 54 21 78 238 498 187 286
Silvestre 97 96 497 325 371 291 85 5 136 233 484 25 364 227 153
Era 238 349 164 261 322 361 402 210 268 118 244 386 59 499 410
Misa 356 54 252 71 305 239 65 65 216 360 192 158 6 347 499
Amrita 500 155 110 241 46 175 424 385 481 363 340 390 158 114 86
Bonni 175 405 470 123 154 431 456 359 83 135 104 497 124 53 111
Laroya 55 108 175 432 253 250 450 387 447 95 44 58 173 429 441
Karl 22 382 129 473 434 283 111 450 292 272 359 418 385 7 98
Rosland 392 66 373 326 429 210 18 16 338 107 369 210 344 308 266
Jackee 246 207 39 199 101 220 409 437 280 82 333 217 224 388 424
Cuong 66 277 37 139 124 244 80 127 399 156 493 407 204 131 294
Elizabeth 41 58 158 135 374 316 165 388 86 461 395 207 404 319 71
Justeen 444 235 69 239 313 124 426 451 436 454 256 152 211 254 175
Aleena 410 39 118 134 112 224 206 156 327 42 47 24 488 235 116
Kamilla 34 90 431 340 235 230 328 317 74 462 235 456 351 214 77
Kennisha 481 378 277 85 454 4 361 76 111 111 226 49 381 94 115
Travelle 437 346 345 253 341 255 352 126 402 267 7 278 67 461 159
Lashawna 491 425 221 168 381 392 188 205 210 417 100 333 108 491 341
Chima 227 310 254 254 293 6 269 466 474 369 28 398 473 257 260
Nigeria 284 6 253 435 254 352 403 371 257 36 73 438 438 265 489
Derrious 440 117 90 374 290 22 179 257 450 201 96 482 151 2 374
Sarath 270 402 319 382 363 109 212 365 441 62 434 45 17 196 344
Kerstin 464 52 338 74 225 429 162 456 278 344 444 295 396 401 500
Davan 76 21 371 228 283 3 312 68 153 165 60 179 219 211 54
Domenico 145 392 204 297 148 343 189 212 418 180 245 499 331 223 43
Shaunta 2 110 227 226 273 128 214 441 321 159 310 188 54 386 396
Margot 262 332 311 201 477 60 3 53 281 197 26 91 466 92 276
Yuliana 402 121 467 286 375 143 397 332 192 122 258 55 386 284 56
Takeia 380 446 282 107 240 138 84 232 102 460 465 153 283 423 2
Felicha 172 185 148 277 120 492 384 280 32 126 25 254 229 353 255
Silviano 324 283 359 91 424 277 121 8 1 458 172 90 421 357 346
Stevin 474 97 387 490 416 461 430 133 416 181 325 175 426 431 457
Raheim 439 218 409 393 280 332 17 24 397 279 414 37 48 399 189
Ellena 260 262 348 385 17 71 70 163 324 433 429 138 349 216 373
Quintus 480 71 306 287 367 318 311 370 394 262 51 401 66 318 429
Sarra 86 469 367 224 231 8 138 313 171 175 354 388 471 298 302
Dollie 479 157 454 268 487 195 28 408 267 464 30 83 361 69 337
Shalom 391 438 326 333 331 113 375 30 100 219 315 392 273 85 227
Deniz 202 42 267 368 207 493 301 425 60 441 358 443 328 30 44
Mozell 300 247 247 491 441 225 154 341 21 204 474 189 14 142 288
Bobbiejo 247 356 224 24 97 323 87 283 33 436 82 409 374 11 9
Liberty 252 152 472 121 166 286 279 446 264 492 401 274 138 26 289
Maleah 71 401 437 474 409 207 192 319 458 446 441 334 497 464 8
Shawntia 422 454 245 187 77 188 369 297 37 412 45 243 382 9 172
Tashelle 184 286 9 359 118 304 499 217 259 207 486 65 406 496 82
Jeromey 357 450 237 110 394 153 289 398 323 117 69 363 230 280 431
Karesha 215 130 64 247 190 139 243 382 49 362 427 330 476 132 468
Casanova 191 134 219 129 85 421 319 124 379 252 48 291 115 124 215
Rafi 389 91 351 130 349 41 127 397 351 432 105 320 292 252 250
Kathrina 197 232 341 232 289 196 191 246 4 174 399 181 395 197 278
Cristiana 149 239 135 17 208 205 394 368 135 172 259 374 270 40 358
Bethel 237 135 337 411 141 242 429 6 376 394 183 232 167 427 354
Solomon 307 474 84 200 57 440 467 64 326 196 158 102 10 129 156
Gavin 379 19 396 31 14 394 167 433 7 50 375 285 21 358 206
Sary 74 216 458 406 72 479 139 303 225 423 453 313 140 123 27
Quanita 241 198 181 169 380 152 395 252 157 416 228 126 459 281 470
Pawel 230 214 448 126 474 413 484 264 332 440 473 229 15 349 46
Kegan 415 148 33 159 484 246 128 244 300 105 155 167 252 135 211
Tracina 198 168 290 141 174 481 423 63 242 191 264 116 31 105 94
Rubens 420 464 203 5 75 16 400 440 147 345 405 119 321 119 359
Janifer 159 238 362 248 206 490 347 157 47 385 455 6 319 301 248
Francisco 167 202 360 280 236 384 200 131 107 317 156 96 340 466 450
