g 30 40 200 11
r 10 8 15
r 20 8 15
d 7 30 18
r 15 30 10

o 7 15 3
o 7 8 1
o 5 11 1
o 13 16 1
o 8 19 2
o 9 15 1
o 9 14 2
o 9 17 1
o 9 23 1
o 16 15 2
o 13 19 1
o 11 15 2
o 12 16 1
o 13 8 1
o 4 20 2
o 8 15 2
o 9 12 1

o 15 10 1
o 21 16 1
o 19 14 3
o 22 14 2
o 21 12 2
o 26 15 3
o 21 19 1
o 19 1 3
o 17 17 2
o 22 13 1
o 24 14 1
o 17 16 1
o 21 14 2
o 19 10 2
o 22 12 1
o 17 12 2
o 21 15 1
o 17 7 1
o 22 15 1

o 8 27 1
o 10 35 1
o 10 27 1
o 16 19 2
o 19 28 3
o 14 39 1
o 14 23 2
o 4 30 2
o 9 32 2
o 18 32 1
o 13 34 1
o 14 28 1
o 11 29 2
o 4 28 1
o 28 31 1
o 19 29 1
o 13 29 1
o 17 34 1
o 10 29 1
o 12 32 2
o 25 33 2
o 21 36 1
o 11 36 2
o 11 28 1
o 11 32 1
o 7 33 1
o 16 37 1
o 23 29 2
o 9 35 1
o 12 33 1

s 15 15 N

